0 0
1 0
2 0
3 0
4 0
5 0
6 0
7 0
8 0
9 0
10 0
11 0
12 0
13 0
14 0
15 0
16 0
17 0
18 0
19 0
20 0
21 0
22 0
23 0
24 0
25 0
26 0
27 0
28 0
29 0
30 0
31 0
32 0
33 0
34 0
35 0
36 0
37 0
38 0
39 0
40 0
41 0
42 0
43 0
44 0
45 0
46 0
47 0
48 0
49 0
50 0
51 0
52 0
53 0
54 0
55 0
56 0
57 0
58 0
59 0
59 1
59 2
59 3
59 4
59 5
59 6
59 7
58 7
57 7
56 7
55 7
54 7
53 7
52 7
51 7
51 7
51 7
51 8
50 9
50 10
49 10
48 10
47 10
46 9
46 8
45 7
44 7
43 7
42 7
41 7
40 7
39 7
38 7
37 7
37 7
37 6
36 5
35 5
34 5
33 5
33 6
32 7
31 7
30 7
29 7
28 7
27 7
26 7
25 7
24 7
23 7
22 7
21 7
20 7
19 7
18 7
17 7
16 7
15 7
14 7
14 7
14 6
13 5
12 5
11 5
10 5
10 6
9 7
8 7
7 7
6 7
5 7
4 7
3 7
2 7
1 7
0 7
1 8
1 9
2 10
1 11
1 12
0 13
0 14
1 14
2 14
3 14
4 14
5 14
6 14
7 14
8 14
9 14
10 14
11 14
12 14
13 14
14 14
15 14
16 14
17 14
18 14
19 14
20 14
21 14
22 14
23 14
24 14
25 14
26 14
27 14
28 14
28 14
28 14
28 15
29 16
29 17
30 17
31 17
32 17
33 17
33 17
34 17
35 17
36 17
37 17
38 16
38 15
39 14
40 14
41 14
42 14
43 14
44 14
45 14
45 14
45 15
46 16
46 17
47 18
47 19
48 19
49 19
50 19
51 18
51 17
52 16
51 15
52 14
53 14
54 14
55 14
56 14
57 14
58 14
59 14
59 15
59 16
59 17
59 18
59 19
59 20
59 21
58 21
57 21
56 21
55 21
54 21
53 21
52 21
51 21
50 21
49 21
48 21
47 21
47 21
47 20
46 20
45 20
46 20
47 20
47 21
48 22
48 23
48 24
47 25
47 26
46 26
45 26
44 26
43 26
42 26
41 26
40 25
40 24
39 23
39 22
38 21
37 21
36 21
35 21
34 21
33 21
32 21
31 21
30 21
30 21
30 22
29 23
28 23
27 23
26 23
26 22
25 21
24 21
23 21
22 21
21 21
20 21
19 21
18 21
17 21
16 21
15 21
14 21
13 21
12 21
11 21
10 21
9 21
8 21
8 21
9 22
8 23
8 24
7 25
6 25
5 25
4 25
4 24
3 23
3 22
2 21
1 21
0 21
1 22
1 23
2 24
1 25
1 26
0 27
0 28
1 28
2 28
3 28
4 28
5 28
6 28
7 28
7 28
7 27
8 26
8 25
9 25
10 25
11 25
12 26
12 27
13 28
14 28
15 28
16 28
17 28
17 28
17 29
18 30
19 30
20 30
21 30
21 29
22 28
23 28
24 28
25 28
26 28
27 28
28 28
29 28
30 28
31 28
32 28
33 28
34 28
35 28
36 28
37 28
38 28
39 28
40 28
40 28
40 27
41 26
42 26
43 26
44 26
44 27
45 28
46 28
47 28
47 28
47 29
48 30
49 30
50 30
51 30
51 29
52 28
52 27
53 26
54 26
55 26
56 26
56 27
57 28
58 28
59 28
59 29
59 30
59 31
59 32
59 33
59 34
59 35
58 35
57 35
56 35
55 35
54 35
53 35
52 35
51 35
50 35
49 35
48 35
47 35
46 35
45 35
44 35
43 35
42 35
41 35
40 35
39 35
38 35
37 35
36 35
35 35
34 35
33 35
32 35
31 35
30 35
29 35
28 35
27 35
26 35
25 35
24 35
23 35
22 35
21 35
20 35
19 35
18 35
17 35
16 35
15 35
14 35
13 35
12 35
12 35
12 36
11 37
10 37
9 37
8 37
8 36
7 35
6 35
5 35
4 35
3 35
2 35
1 35
0 35
1 36
1 37
2 38
1 39
1 40
0 41
0 42
1 42
2 42
3 42
4 42
5 42
6 42
7 42
8 42
9 42
10 42
11 42
12 42
13 42
14 42
15 42
16 42
17 42
18 42
19 42
20 42
21 42
22 42
23 42
24 42
24 42
24 43
25 43
26 43
27 43
28 42
29 42
30 42
30 42
30 42
30 43
31 44
31 45
32 45
33 45
34 45
35 44
35 43
36 42
37 42
38 42
39 42
40 42
41 42
42 42
43 42
44 42
45 42
46 42
47 42
47 42
47 42
47 43
48 44
48 45
49 45
50 45
51 45
52 44
52 43
53 42
54 42
55 42
56 42
57 42
58 42
59 42
59 43
59 44
59 45
59 46
59 47
59 48
59 49
58 49
57 49
56 49
55 49
54 49
53 49
52 49
51 49
50 49
49 49
48 49
47 49
47 49
47 50
46 51
45 51
44 51
43 51
43 50
42 49
41 49
40 49
40 49
40 50
39 51
39 52
38 53
38 54
37 54
36 54
35 54
34 54
33 54
32 53
32 54
31 55
31 56
30 57
29 57
28 57
27 57
26 57
25 57
25 56
24 55
24 54
24 53
24 52
23 51
23 50
23 49
22 49
21 49
20 49
19 49
18 49
17 49
16 49
15 49
15 49
15 49
15 50
14 51
14 52
13 52
12 52
11 52
10 51
10 50
9 49
8 49
7 49
6 49
5 49
4 49
3 49
2 49
1 49
0 49
1 50
1 51
2 52
1 53
1 54
0 55
0 56
1 56
2 56
3 56
4 56
5 56
6 56
7 56
8 56
9 56
10 56
11 56
12 56
13 56
14 56
15 56
16 56
17 56
18 56
19 56
20 56
21 56
22 56
23 56
24 56
25 56
25 56
25 57
26 57
27 57
28 57
29 57
30 57
31 56
32 56
33 56
34 56
35 56
36 56
37 56
38 56
39 56
40 56
41 56
42 56
43 56
44 56
45 56
46 56
47 56
48 56
49 56
50 56
51 56
52 56
53 56
54 56
55 56
56 56
57 56
58 56
59 56
