0 0
1 0
2 0
3 0
4 0
5 0
6 0
7 0
8 0
9 0
10 0
11 0
12 0
13 0
14 0
15 0
16 0
17 0
18 0
19 0
19 1
19 2
19 3
18 3
17 3
16 3
15 3
14 3
13 3
12 3
11 3
10 3
9 3
9 2
8 2
7 2
6 3
5 3
4 3
3 3
2 3
1 3
0 3
1 4
0 5
0 6
1 6
2 6
3 6
4 6
5 6
6 6
5 7
6 8
6 9
7 9
14 6
15 6
16 6
17 6
18 6
19 6
19 7
19 8
19 9
18 9
17 9
16 9
15 9
16 10
15 11
15 12
14 12
15 12
15 13
16 14
15 15
15 16
14 17
13 17
12 17
11 17
11 16
10 15
10 16
9 16
8 15
8 14
7 13
6 14
5 14
4 14
3 13
3 12
2 11
3 10
3 9
1 9
0 9
1 10
0 11
0 12
1 12
2 12
3 12
3 13
4 14
4 15
5 16
5 17
6 17
7 17
8 17
9 17
10 17
11 17
12 17
13 17
14 17
15 16
15 15
16 14
15 13
15 12
17 12
18 12
19 12
19 13
19 14
19 15
18 15
17 15
16 15
15 15
15 16
14 17
13 17
12 17
11 17
11 16
10 16
9 16
8 15
6 15
5 15
4 15
3 15
2 15
1 15
0 15
