0 0
1 0
2 0
3 0
4 0
5 0
6 0
7 0
8 0
9 0
10 0
11 0
12 0
13 0
14 0
15 0
16 0
17 0
18 0
19 0
20 0
21 0
22 0
23 0
24 0
25 0
26 0
27 0
28 0
29 0
30 0
31 0
32 0
33 0
34 0
35 0
36 0
37 0
38 0
39 0
40 0
41 0
42 0
43 0
44 0
45 0
46 0
47 0
48 0
49 0
50 0
51 0
52 0
53 0
54 0
55 0
56 0
57 0
58 0
58 1
58 2
58 3
58 4
58 5
58 6
58 7
57 7
56 7
55 7
54 7
53 7
52 7
51 7
52 7
52 8
52 9
52 10
52 11
51 11
50 11
51 11
51 12
51 13
51 12
51 11
51 10
52 10
52 9
52 8
52 7
52 6
52 5
52 4
51 4
51 3
50 3
49 3
48 3
47 3
46 3
45 3
45 4
44 4
43 4
42 4
42 5
42 6
42 7
41 7
40 7
39 7
38 7
39 7
39 6
39 5
38 5
38 4
37 4
36 4
35 4
34 4
33 4
32 4
31 4
31 5
31 6
31 7
30 7
29 7
28 7
27 7
26 7
25 7
24 7
23 7
22 7
21 7
20 7
19 7
18 7
17 7
16 7
15 7
16 7
16 6
16 5
15 5
15 4
14 4
13 4
12 4
11 4
10 4
9 4
8 4
8 5
8 6
8 7
7 7
6 7
5 7
4 7
3 7
2 7
1 7
0 7
0 8
0 9
0 10
0 11
0 12
0 13
0 14
1 14
2 14
3 14
4 14
5 14
6 14
7 14
8 14
9 14
10 14
11 14
12 14
13 14
14 14
15 14
16 14
17 14
18 14
19 14
20 14
21 14
22 14
23 14
24 14
25 14
26 14
27 14
28 14
27 14
27 15
27 16
27 17
27 16
26 16
25 16
24 16
23 16
23 17
23 18
23 19
23 20
24 20
24 21
24 22
24 23
25 23
25 24
26 24
27 24
28 24
29 24
30 24
31 24
31 23
32 23
32 22
32 21
32 20
32 19
32 18
33 18
34 18
34 17
34 18
35 18
36 18
37 18
38 18
39 18
38 18
38 19
38 20
38 21
38 22
39 22
38 22
38 23
38 24
38 25
38 26
39 26
39 27
38 27
38 28
38 29
38 30
38 31
38 32
39 32
39 33
40 33
41 33
42 33
43 33
44 33
45 33
45 32
46 32
46 31
46 30
46 29
46 30
46 31
47 31
48 31
49 31
50 31
51 31
51 32
51 33
51 34
51 35
52 35
53 35
54 35
54 34
55 34
55 33
56 33
57 33
57 32
58 32
58 31
58 30
58 29
58 28
58 27
58 26
57 26
57 25
56 25
55 25
54 25
54 24
54 23
54 22
54 21
54 20
54 19
54 18
54 17
54 16
54 15
54 14
55 14
56 14
57 14
58 14
58 15
58 16
58 17
58 18
58 19
58 20
58 21
57 21
56 21
55 21
54 21
53 21
52 21
51 21
50 21
49 21
48 21
49 21
50 21
51 21
52 21
53 21
54 21
55 21
56 21
57 21
58 21
59 21
59 22
59 23
59 24
59 25
59 26
59 27
59 28
59 29
59 30
59 31
59 32
59 33
58 33
57 33
56 33
55 33
54 33
53 33
52 33
51 33
50 33
49 33
48 33
47 33
46 33
45 33
44 33
43 33
42 33
41 33
40 33
39 33
38 33
38 32
38 31
38 30
38 29
38 28
38 27
38 26
38 25
38 24
38 23
38 22
38 21
37 21
36 21
35 21
34 21
33 21
32 21
32 21
32 21
32 22
32 23
31 23
31 24
30 24
29 24
28 24
27 24
26 24
25 24
24 24
24 23
24 22
24 21
23 21
22 21
21 21
20 21
19 21
18 21
17 21
16 21
15 21
14 21
13 21
12 21
11 21
10 21
9 21
10 21
10 20
10 19
9 19
9 18
8 18
9 18
9 17
9 16
9 15
8 15
8 14
7 14
6 14
5 14
4 14
3 14
2 14
1 14
1 15
1 16
1 17
1 18
1 19
1 20
1 21
0 21
0 22
0 23
0 24
0 25
0 26
0 27
0 28
1 28
2 28
3 28
4 28
5 28
6 28
7 28
6 28
5 28
5 29
5 30
5 31
5 32
5 33
5 34
6 34
6 35
7 35
6 35
6 36
6 37
7 37
7 38
8 38
9 38
10 38
11 38
12 38
13 38
12 38
12 39
12 40
12 41
12 42
13 42
13 43
14 43
15 43
16 43
17 43
18 43
19 43
19 42
20 42
20 41
20 40
20 39
20 38
20 37
20 36
19 36
19 35
18 35
17 35
16 35
16 34
16 33
16 32
16 31
16 30
16 29
16 30
16 31
17 31
18 31
19 31
20 31
21 31
22 31
22 30
23 30
23 29
23 28
24 28
25 28
26 28
27 28
28 28
29 28
30 28
31 28
32 28
33 28
34 28
35 28
36 28
37 28
38 28
38 28
38 28
38 29
38 30
38 31
38 32
39 32
39 33
40 33
41 33
42 33
43 33
44 33
45 33
46 33
47 33
48 33
49 33
50 33
51 33
52 33
53 33
54 33
55 33
56 33
57 33
57 32
58 32
58 31
58 30
58 29
58 28
58 29
58 30
58 31
58 32
58 33
58 34
58 35
57 35
56 35
55 35
54 35
53 35
52 35
51 35
50 35
49 35
48 35
47 35
46 35
45 35
44 35
43 35
42 35
41 35
40 35
39 35
38 35
37 35
36 35
35 35
34 35
33 35
32 35
31 35
30 35
29 35
28 35
27 35
26 35
25 35
24 35
23 35
22 35
21 35
20 35
19 35
18 35
17 35
16 35
15 35
14 35
14 35
14 35
15 35
16 35
17 35
18 35
19 35
19 36
20 36
20 37
20 38
20 39
20 40
20 41
20 42
19 42
19 43
18 43
17 43
16 43
15 43
14 43
13 43
12 43
11 43
10 43
9 43
8 43
7 43
6 43
6 42
6 41
6 40
6 39
6 38
6 37
6 36
6 35
5 35
4 35
3 35
2 35
1 35
0 35
0 36
0 37
0 38
0 39
0 40
0 41
0 42
1 42
2 42
3 42
4 42
5 42
6 42
7 42
8 42
9 42
10 42
11 42
12 42
13 42
13 42
14 43
15 43
16 43
17 43
18 43
19 43
19 42
20 42
21 42
22 42
23 42
23 43
23 44
24 44
25 44
26 44
27 44
28 44
29 44
29 43
30 43
29 43
29 44
29 45
30 45
30 46
31 46
32 46
33 46
34 46
35 46
34 46
34 47
34 48
34 47
33 47
32 47
32 46
31 46
30 46
29 46
28 46
28 45
27 45
26 45
25 45
24 45
23 45
22 45
22 46
22 47
22 48
22 49
22 50
22 51
22 52
23 52
23 53
24 53
23 53
23 54
23 55
23 56
23 57
24 57
24 58
25 58
26 58
27 58
28 58
29 58
30 58
30 57
30 58
31 58
32 58
33 58
34 58
34 57
34 56
34 55
35 55
36 55
37 55
38 55
39 55
39 54
40 54
40 53
40 52
41 52
41 51
42 51
42 50
42 51
42 52
43 52
44 52
45 52
46 52
47 52
48 52
48 51
49 51
49 50
49 49
49 48
49 47
49 46
49 45
49 46
50 46
51 46
52 46
53 46
53 45
54 45
54 44
54 43
54 42
54 41
54 40
54 39
53 39
53 38
52 38
51 38
50 38
49 38
48 38
47 38
47 39
46 39
46 40
46 41
46 42
46 42
46 42
46 41
46 40
46 39
47 39
47 38
48 38
49 38
50 38
51 38
52 38
53 38
53 39
54 39
54 40
54 41
54 42
55 42
56 42
57 42
58 42
58 43
58 44
58 45
58 46
58 47
58 48
58 49
57 49
56 49
55 49
54 49
53 49
52 49
51 49
50 49
49 49
49 49
49 49
50 49
51 49
52 49
53 49
54 49
55 49
56 49
57 49
58 49
59 49
59 50
59 51
59 52
59 53
58 53
57 53
56 53
56 54
56 55
56 56
55 56
55 57
54 57
53 57
52 57
51 57
50 57
49 57
48 57
47 57
46 57
45 57
44 57
43 57
43 58
42 58
41 58
40 58
39 58
38 58
37 58
36 58
35 58
34 58
33 58
32 58
31 58
30 58
29 58
28 58
27 58
26 58
25 58
24 58
23 58
22 58
22 57
22 56
22 55
22 54
22 53
22 52
22 51
22 50
22 49
21 49
20 49
19 49
18 49
17 49
16 49
15 49
16 49
16 50
16 51
16 52
16 53
15 53
14 53
13 53
12 53
11 53
10 53
9 53
8 53
8 52
8 51
8 50
8 49
7 49
6 49
5 49
4 49
3 49
2 49
1 49
0 49
0 50
0 51
0 52
0 53
0 54
0 55
0 56
1 56
2 56
3 56
4 56
5 56
6 56
7 56
8 56
9 56
10 56
11 56
12 56
13 56
14 56
15 56
16 56
17 56
18 56
19 56
20 56
21 56
22 56
23 56
23 56
24 57
24 58
25 58
26 58
27 58
28 58
29 58
30 58
31 58
32 58
32 57
33 57
33 56
34 56
35 56
36 56
37 56
38 56
39 56
40 56
41 56
42 56
43 56
44 56
45 56
46 56
47 56
48 56
49 56
49 56
50 57
51 57
52 57
53 57
54 57
55 57
55 56
56 56
57 56
58 56
